Enhanced Trinity ML 段階1改善版 3年間フルテスト結果
実行日時: 2025-08-11 17:31:25.962044
期間: 2022-01-02 17:00:00 - 2024-12-31 16:45:00
総データ数: 71,452レコード

月別詳細結果:
年月       取引数    勝数     負数     勝率%      PF       損益額          備考
----------------------------------------------------------------------------------------------------
2022-01  53     15     38     28.3     0.48     -5,519       
2022-02  202    78     124    38.6     1.24     6,852        
2022-03  247    101    146    40.9     1.13     5,312        
2022-04  240    124    116    51.7     1.73     20,308       
2022-05  274    99     175    36.1     0.99     -585         
2022-06  261    104    157    39.8     0.99     -431         
2022-07  245    81     164    33.1     0.68     -15,988      
2022-08  283    102    181    36.0     0.65     -24,725      
2022-09  261    97     164    37.2     0.68     -18,996      
2022-10  243    71     172    29.2     0.80     -10,054      
2022-11  276    108    168    39.1     0.84     -11,218      
2022-12  267    109    158    40.8     0.98     -973         
2023-01  275    97     178    35.3     0.84     -8,708       
2023-02  222    82     140    36.9     1.01     479          
2023-03  183    67     116    36.6     0.70     -14,970      
2023-04  165    51     114    30.9     0.71     -12,962      
2023-05  181    67     114    37.0     0.67     -16,198      
2023-06  164    67     97     40.9     1.11     3,421        
2023-07  177    64     113    36.2     0.82     -7,536       
2023-08  249    95     154    38.2     0.98     -660         
2023-09  211    88     123    41.7     1.20     5,658        
2023-10  227    86     141    37.9     0.92     -2,851       
2023-11  217    86     131    39.6     0.83     -7,542       
2023-12  244    108    136    44.3     1.18     7,039        
2024-01  262    91     171    34.7     0.78     -12,534      
2024-02  227    74     153    32.6     0.88     -4,620       
2024-03  199    56     143    28.1     0.63     -15,867      
2024-04  216    98     118    45.4     0.92     -3,752       
2024-05  251    112    139    44.6     0.96     -1,785       
2024-06  223    81     142    36.3     0.76     -12,904      
2024-07  269    118    151    43.9     1.43     21,972       
2024-08  264    114    150    43.2     1.12     6,815        
2024-09  259    102    157    39.4     1.08     4,171        
2024-10  276    101    175    36.6     1.01     346          
2024-11  246    97     149    39.4     0.95     -2,201       
2024-12  257    119    138    46.3     1.31     13,805       

総計: 総取引数8316, 勝率38.6%, 総損益-117,401円
月平均損益（全36ヶ月）: -3,261円
目標達成率: -6.5%
